4294967294,0
4294967278,303
4294967278,157
4294967279,153
4294967278,297
4294967278,378
4294967278,295
4294967294,5
4294967278,340
4294967278,338
4294967278,363
4294967278,292
4294967279,567
4294967278,291
4294967278,132
4294967278,131
4294967278,130
4294967278,129
4294967278,128
4294967278,127
4294967278,126
4294967278,125
4294967278,124
4294967278,123
4294967278,122
4294967278,121
4294967278,120
4294967278,119
4294967279,327
4294967278,382
4294967278,134
4294967279,268
4294967278,274
4294967279,565
4294967278,118
4294967278,117
4294967279,260
4294967279,523
4294967278,400
4294967278,116
4294967278,115
4294967278,114
4294967278,113
4294967278,112
4294967279,554
4294967278,265
4294967278,111
4294967278,110
4294967278,109
4294967278,108
4294967278,107
4294967278,106
4294967278,105
4294967278,104
4294967278,103
4294967279,259
4294967278,280
4294967278,263
4294967278,262
4294967279,281
4294967278,278
4294967279,320
4294967279,553
4294967278,102
4294967278,101
4294967278,100
4294967278,330
4294967279,552
4294967278,327
4294967278,99
4294967278,98
4294967278,354
4294967278,375
4294967278,97
4294967278,96
4294967278,95
4294967278,94
4294967278,93
4294967278,92
4294967278,91
4294967278,90
4294967278,89
4294967278,87
4294967278,86
4294967278,85
4294967278,84
4294967278,83
4294967278,82
4294967278,81
4294967278,80
4294967278,77
4294967278,75
4294967278,74
4294967278,73
4294967278,72
4294967278,71
4294967278,70
4294967278,69
4294967278,68
4294967278,67
4294967278,64
4294967278,62
4294967278,61
4294967278,60
4294967279,563
4294967279,339
4294967279,538
4294967279,315
4294967278,399
4294967278,346
4294967278,0
4294967279,238
4294967278,235
4294967279,83
4294967279,78
4294967279,74
4294967279,72
4294967279,69
4294967279,65
4294967279,62
4294967279,57
4294967279,56
4294967279,49
4294967279,48
4294967279,39
4294967279,36
4294967279,31
4294967279,27
4294967279,17
4294967279,16
4294967279,15
4294967279,14
4294967279,13
4294967279,11
4294967279,10
4294967279,9
4294967279,7
4294967279,6
4294967279,4
4294967278,231
4294967294,7
4294967279,230
4294967294,6
4294967279,52
4294967279,226
4294967279,224
4294967278,218
4294967294,92
4294967294,436
4294967294,417
4294967294,51
4294967294,52
4294967294,1018
4294967279,338
4294967279,0
4294967279,314
4294967294,1098
4294967294,1418
4294967278,79
4294967278,78
4294967278,76
4294967278,66
4294967278,65
4294967278,63
4294967279,99
4294967279,98
4294967279,96
4294967279,95
4294967279,94
4294967279,93
4294967279,92
4294967279,91
4294967279,90
4294967279,89
4294967279,87
4294967279,86
4294967279,85
4294967279,80
4294967279,68
4294967279,64
4294967279,42
4294967279,33
4294967279,24
4294967279,19
4294967279,12
4294967279,8
4294967279,5
4294967279,212
4294967278,211
4294967294,46
4294967279,97
4294967279,543
4294967294,26
4294967294,75
4294967294,18
4294967294,127
4294967294,14
4294967294,126
4294967294,20
4294967294,13
0,5
4294967279,208
4294967294,67
4294967294,93
4294967294,95
4294967294,50
4294967294,43
4294967294,25
4294967294,1016
4294967294,27
4294967294,88
4294967294,81
4294967294,82
4294967294,83
4294967293,131
4294967293,130
4294967293,129
4294967293,128
4294967293,127
4294967293,126
4294967293,125
4294967293,124
4294967293,123
4294967293,122
4294967293,121
4294967293,120
4294967293,119
4294967293,118
4294967293,117
4294967293,116
4294967293,115
4294967293,114
4294967293,113
4294967293,112
4294967293,111
4294967293,110
4294967293,109
4294967293,108
4294967293,107
4294967293,106
4294967293,105
4294967293,104
4294967293,103
4294967293,102
4294967293,101
4294967293,100
4294967293,99
4294967293,98
4294967293,97
4294967293,96
4294967293,95
4294967293,94
4294967293,93
4294967293,92
4294967293,91
4294967293,90
4294967293,89
4294967293,87
4294967293,86
4294967293,85
4294967293,84
4294967293,83
4294967293,82
4294967293,81
4294967293,80
4294967293,79
4294967293,78
4294967293,77
4294967293,76
4294967293,75
4294967293,74
4294967293,73
4294967293,72
4294967293,71
4294967293,70
4294967293,69
4294967293,68
4294967293,67
4294967293,66
4294967293,65
4294967293,64
4294967293,63
4294967293,62
4294967293,61
4294967293,60
4294967293,59
4294967293,58
4294967293,57
4294967293,56
4294967293,55
4294967293,54
4294967293,53
4294967293,52
4294967293,51
4294967293,50
4294967293,49
4294967293,48
4294967293,47
4294967293,46
4294967293,45
4294967293,44
4294967293,43
4294967293,42
4294967293,41
4294967293,40
4294967293,39
4294967293,38
4294967293,37
4294967293,36
4294967293,35
4294967293,34
4294967293,33
4294967293,32
4294967293,31
4294967293,30
4294967293,29
4294967293,28
4294967293,27
4294967293,26
4294967293,25
4294967293,24
4294967293,23
4294967293,22
4294967293,21
4294967293,20
4294967293,19
4294967293,18
4294967293,17
4294967293,16
4294967293,15
4294967293,14
4294967293,13
4294967293,12
4294967293,11
4294967293,10
4294967293,9
4294967293,8
4294967293,7
4294967293,6
4294967293,5
4294967293,4
4294967293,3
4294967278,56
4294967278,55
4294967278,54
4294967278,53
4294967278,51
4294967278,50
4294967278,48
4294967278,42
4294967278,260
4294967278,39
4294967278,37
4294967278,34
4294967278,32
4294967278,31
4294967278,30
4294967278,28
4294967278,137
4294967278,25
4294967278,23
4294967278,20
4294967278,271
4294967278,14
4294967278,9
4294967278,7
4294967278,279
4294967278,6
4294967278,5
4294967278,4
4294967279,132
4294967279,517
4294967279,131
4294967279,130
4294967279,252
4294967279,128
4294967279,546
4294967279,121
4294967279,119
4294967279,117
4294967279,240
4294967279,116
4294967279,115
4294967279,114
4294967279,111
4294967279,109
4294967279,108
4294967279,107
4294967279,106
4294967279,105
4294967279,104
4294967279,103
4294967279,102
4294967279,100
4294967279,82
4294967279,77
